1 99 3540
2 99 3560
3 99 3739
4 99 2784
5 99 2571
6 99 2729
7 99 3952
8 99 993
9 99 1908
10 99 948
11 99 1172
12 99 1047
13 99 3138
14 99 5485
15 99 5554
16 99 2943
17 99 4969
18 99 4828
19 99 2618
20 99 2244
21 99 2039
22 99 1425
23 99 5262
24 99 4126
25 99 4133
26 99 3974
27 99 3036
28 99 4364
29 99 4965
30 99 2635
31 99 5911
32 99 5834
33 99 6204
34 99 5007
35 99 5594
36 99 1198
37 99 5088
38 99 3107
39 99 2851
40 99 3725
41 99 5505
42 99 8122
43 99 5146
44 99 2143
45 99 3912
46 99 3256
47 99 3909
48 99 3106
49 99 3433
50 99 4048
51 99 2630
52 99 12221
53 99 5963
54 99 3857
55 99 5197
56 99 10494
57 99 3571
58 99 1322
59 99 2235
60 99 3905
61 99 6501
62 99 5163
63 99 6021
64 99 7398
65 99 5200
66 99 5616
67 99 6810
68 99 2919
69 99 1765
70 99 3117
71 99 4278
72 99 1817
73 99 1762
74 99 5780
75 99 4189
76 99 4141
77 99 3941
78 99 5802
79 99 7710
80 99 2376
81 99 7278
82 99 8127
83 99 5532
84 99 2592
85 99 5653
86 99 5105
87 99 4421
88 99 3242
89 99 2921
90 99 3711
91 99 4855
92 99 6438
93 99 4350
94 99 5170
95 99 2940
96 99 2700
97 99 3766
98 99 4773
99 99 6557
100 99 2519
101 99 4295
102 99 2599
103 99 3281
104 99 6250
105 99 6677
106 99 3245
107 99 3725
108 99 4616
109 99 2037
110 99 9
111 99 3704
112 99 1702
113 99 4193
114 99 1401
115 99 3268
116 99 1612
117 99 2705
118 99 3927
119 99 4330
120 99 143
121 99 99
122 99 1475
123 99 2766
124 99 2636
125 99 3132
126 99 2603
127 99 2973
128 99 3156
129 99 4807
130 99 2587
131 99 1997
132 99 1211
133 99 2549
134 99 2231
135 99 2225
136 99 2291
137 99 1189
138 99 2621
139 99 914
140 99 1409
141 99 1268
142 99 1437
143 99 3359
144 99 2662
145 99 2356
146 99 503
147 99 2852
148 99 5883
149 99 2446
150 99 717
151 99 2579
152 99 9393
153 99 2193
154 99 4524
155 99 5469
156 99 2014
157 99 1661
158 99 3213
159 99 3061
160 99 3525
161 99 3128
162 99 4144
163 99 2912
164 99 1689
165 99 2720
166 99 2670
167 99 3108
168 99 3072
169 99 4149
170 99 3635
171 99 2801
172 99 3097
173 99 2154
174 99 3290
175 99 5935
176 99 3095
177 99 2677
178 99 4443
179 99 2095
180 99 5875
181 99 3234
182 99 7914
183 99 4740
184 99 8140
185 99 4081
186 99 2668
187 99 1733
188 99 6762
189 99 4889
190 99 2802
191 99 1704
192 99 5743
193 99 2345
194 99 4105
195 99 2514
196 99 6261
197 99 3810
198 99 5885
199 99 2397
200 99 1298
201 99 5311
202 99 4774
203 99 4629
204 99 4429
205 99 1495
206 99 3092
207 99 2729
208 99 4411
209 99 4713
210 99 3583
211 99 2849
212 99 5520
213 99 4629
214 99 4437
215 99 3823
216 99 2406
217 99 3169
218 99 4354
219 99 1576
220 99 4637
221 99 3412
222 99 3073
223 99 4837
224 99 6146
225 99 4813
226 99 3077
227 99 1510
228 99 4709
229 99 4927
230 99 2510
231 99 5241
232 99 859
233 99 3640
234 99 4101
235 99 2502
236 99 4492
237 99 4488
238 99 596
239 99 5424
240 99 1214
241 99 2779
242 99 5690
243 99 2717
244 99 4310
245 99 1870
246 99 2786
247 99 5009
248 99 1596
249 99 2112
250 99 2409
251 99 1811
252 99 6006
253 99 4919
254 99 7023
255 99 9084
256 99 4364
257 99 6999
258 99 11417
259 99 5213
260 99 3916
261 99 887
262 99 475
263 99 7041
264 99 3476
265 99 3404
266 99 2630
267 99 1777
268 99 13015
269 99 4358
270 99 3880
271 99 5630
272 99 971
273 99 5613
274 99 524
275 99 884
276 99 3025
277 99 7723
278 99 5203
279 99 4401
280 99 1010
281 99 2029
