1 3.08284
2 4.08331
3 1.0875
4 1.06515
5 3.06017
6 1.06386
7 2.09249
8 0.02324
9 2.04465
10 0.02218
11 1.02742
12 3.0245
13 5.07344
14 4.12837
15 6.12997
16 2.06888
17 5.11628
18 4.113
19 0.06127
20 0.05251
21 1.04772
22 0.03335
23 1.12314
24 1.09656
25 2.09672
26 1.093
27 4.07105
28 2.10213
29 1.11619
30 1.06166
31 7.13834
32 1.13653
33 5.14519
34 1.11718
35 5.13091
36 0.02804
37 7.11907
38 4.07272
39 0.06672
40 3.08717
41 4.12883
42 0.19008
43 7.120419
44 2.05016
45 0.09154
46 6.0762
47 5.09148
48 1.07269
49 5.08034
50 1.09474
51 3.06155
52 9.28601
53 6.13954
54 3.09026
55 2.12162
56 3.83889
57 0.62576
58 0.23165
59 0.39165
60 1.68428
61 1.13919
62 4.90472
63 2.05507
64 8.29637
65 6.91121
66 1.98409
67 7.19334
68 3.5115
69 0.30928
70 0.54619
71 0.74965
72 3.3184
73 0.30876
74 1.70282
75 0.50936
76 4.50352
77 5.4792
78 4.70549
79 2.9375
80 1.28892
81 2.88496
82 3.98821
83 3.33995
84 1.15928
85 6.34738
86 7.3137
87 2.27167
88 2.19922
89 8.1795
90 5.22804
91 1.29834
92 7.39562
93 4.2673
94 2.47613
95 3.27076
96 0.24865
97 0.34683
98 0.43958
99 2.60387
100 0.23198
101 1.39555
102 3.23935
103 4.30216
104 2.57559
105 0.61492
106 4.29884
107 1.34305
108 1.4251
109 0.1876
110 0.00014
111 4.05589
112 0.02568
113 3.06326
114 1.02114
115 2.04931
116 0.02432
117 4.04082
118 2.05925
119 6.06533
120 1.00216
121 0.00149
122 0.02226
123 3.04174
124 4.03977
125 3.04726
126 5.03928
127 1.04486
128 0.04762
129 1.07253
130 2.03903
131 3.03013
132 2.01827
133 1.03846
134 0.03366
135 3.03356
136 0.03457
137 0.01794
138 2.03955
139 2.0138
140 0.02126
141 0.01913
142 0.02168
143 2.05069
144 2.04016
145 0.03555
146 1.00759
147 1.04303
148 2.08877
149 0.03691
150 1.01082
151 2.03892
152 4.14174
153 2.03309
154 0.06827
155 7.08252
156 1.03038
157 0.02507
158 0.04849
159 2.04618
160 1.05319
161 0.0472
162 0.06252
163 0.04394
164 1.02549
165 0.04104
166 5.04028
167 4.0469
168 0.04635
169 2.06261
170 3.05485
171 5.04226
172 0.04673
173 0.0325
174 1.04964
175 0.08956
176 2.0467
177 0.04039
178 0.06704
179 0.03161
180 2.08864
181 0.0488
182 3.11941
183 1.07152
184 1.12282
185 1.06157
186 0.04026
187 2.02615
188 4.10203
189 0.07377
190 0.04228
191 2.02571
192 3.08665
193 0.03538
194 1.06194
195 0.03794
196 0.09447
197 0.05749
198 3.0888
199 0.03617
200 0.01958
201 3.08014
202 1.07204
203 1.06985
204 2.06682
205 1.02257
206 2.04665
207 1.04117
208 4.06656
209 3.07112
210 4.05406
211 2.04299
212 2.08329
213 2.06985
214 1.06695
215 0.05768
216 3.03631
217 3.04782
218 2.0657
219 2.02378
220 5.06997
221 1.05148
222 0.04637
223 2.07298
224 5.09273
225 4.07262
226 2.04643
227 0.02278
228 3.07105
229 0.07435
230 3.03787
231 0.07908
232 1.01296
233 1.05492
234 2.06188
235 0.03775
236 0.06777
237 4.06772
238 0.00899
239 2.08184
240 1.01831
241 1.04194
242 2.08585
243 0.041
244 1.06503
245 1.02822
246 1.04204
247 2.07558
248 0.02408
249 0.03187
250 1.03635
251 0.02733
252 4.08516
253 1.88876
254 2.26892
255 4.64129
256 6.78848
257 2.26458
258 5.06281
259 4.05985
260 1.04497
261 0.01019
262 0.00545
263 2.08085
264 1.03992
265 6.03909
266 3.0302
267 1.02041
268 3.14945
269 3.05004
270 3.04455
271 1.06465
272 0.01115
273 1.06445
274 0.00602
275 1.01015
276 0.03474
277 1.08867
278 3.05974
279 1.05053
280 0.0116
281 2.0233
