1 4.069397 -67.3533
2 4.639371 -66.8619
3 5.709063 -66.9775
4 7.613831 -65.9958
5 7.315968 -67.3183
6 8.558753 -66.9344
7 9.206733 -67.1789
8 10.1804 -66.8785
9 8.698229 -68.3068
10 7.40472 -68.0781
11 7.335256 -68.351
12 6.644036 -67.6442
13 5.556064 -67.7778
14 5.402585 -68.5249
15 3.892094 -68.1658
16 4.319833 -69.5928
17 6.725975 -69.7625
18 8.340896 -68.8027
19 4.319295 -40.067
20 5.887851 -48.6116
21 -3.922 -39.1019
22 -3.4732 -53.6369
23 -4.24277 -57.9596
24 10.47212 -59.7544
25 10.42873 -60.7698
26 6.029073 -60.3319
27 9.29448 -63.5042
28 15.30124 -57.9901
29 28.53276 -59.2131
30 44.54206 -71.6614
31 26.20025 -70.7531
32 14.65117 -70.1532
33 13.63331 -73.304
34 5.520235 -71.2558
35 6.219888 -64.6361
36 2.2936 -63.1341
37 -1.30745 -65.9363
38 -3.05628 -67.4208
39 -3.22769 -66.656
40 -3.37589 -66.1338
41 -7.73548 -68.3143
42 -6.2651 -66.0894
43 -4.84792 -67.1576
44 -4.78755 -67.9432
45 -6.27831 -68.079
46 -5.49618 -68.6454
47 3.105871 -65.5873
48 2.420355 -66.5509
49 2.738942 -67.0144
50 2.645936 -67.6731
51 1.476446 -65.5631
52 0.727703 -69.4385
53 -4.19844 -69.3288
54 -7.07845 -71.1457
55 -2.69294 -75.2907
56 -50.24266 36.81422
57 -48.712967 54.2517
58 -44.84625 48.83355
59 -51.983733 50.332533
60 -54.28412 36.22038
61 -48.71944 35.41104
62 -45.5058 26.44775
63 -44.248817 23.4998
64 -46.51112 26.09986
65 -47.854833 24.2761
66 -53.546114 21.136586
67 -46.2736 24.64795
68 -55.4823 9.89876
69 -45.277975 11.9804
70 -32.88805 8.9536
71 -30.8703 -2.61352
72 -41.62 -4.0371
73 -51.2019 -0.780833
74 42.713425 -2.719575
75 21.226033 -11.683567
76 38.317833 -20.558633
77 38.701067 -19.447733
78 46.626133 -14.2081
79 37.76875 -23.72945
80 21.5143 -28.3478
81 32.135183 -41.09945
82 31.607267 -49.283733
83 1.861683 -16.6013
84 -10.9034 -0.587667
85 -17.985867 -1.507967
86 -18.630433 -12.635133
87 -18.9063 -11.308667
88 -15.729767 -12.060067
89 -12.3104 -10.785567
90 -6.136225 -23.354425
91 -15.148167 -16.949933
92 -19.25995 -13.128975
93 -18.944267 -22.815467
94 26.36475 41.4377
95 27.5522 40.654567
96 26.3729 41.236367
97 18.84625 45.4129
98 18.898333 41.543733
99 7.169 48.2895
100 10.7953 38.0826
101 8.497 38.279167
102 10.8235 24.1772
103 11.1609 23.4608
104 23.025025 31.9698
105 24.095975 19.087175
106 16.640133 8.8427
107 36.29605 13.31625
108 39.356233 14.481433
109 53.5086 10.2638
110 -15.3264 40.5083
111 -13.793 41.01134
112 -12.9392 41.73545
113 -12.22626 41.2637
114 -13.90585 40.0293
115 -13.350667 40.455733
116 -12.75835 40.44165
117 -12.1468 40.363867
118 -11.24444 40.31238
119 -9.8485 40.70935
120 -14.6938 39.4991
121 -13.9166 39.1166
122 -13.3035 39.3953
123 -12.9703 39.857733
124 -12.276367 39.5728
125 -12.1732 38.93425
126 -11.1087 39.12295
127 -10.51896 39.3996
128 -9.80885 39.762
129 -8.75232 39.83852
130 -16.722625 38.98
131 -15.217467 38.544467
132 -14.1593 38.5013
133 -12.995975 38.8853
134 -11.893333 38.7024
135 -16.4568 38.263667
136 -16.37475 37.6493
137 -15.4437 38.02805
138 -14.12385 37.801225
139 -13.362567 38.133833
140 -12.74285 37.9386
141 -12.22375 38.1224
142 -11.4794 37.99225
143 -10.723725 37.93785
144 -9.753 38.18005
145 -8.704167 38.3316
146 -15.7275 37.1049
147 -15.3973 36.783
148 -14.469167 36.8035
149 -13.95375 37.31925
150 -13.265 36.954
151 -12.722233 36.979133
152 -12.024025 37.259725
153 -11.1575 36.576867
154 -10.47034 36.65134
155 -8.877925 37.115025
156 -16.432833 35.8148
157 -15.42635 35.79945
158 -14.7536 35.56265
159 -13.920025 35.1886
160 -13.83208 36.21818
161 -12.851867 36.221533
162 -12.63386 35.42082
163 -11.76415 34.92995
164 -10.6168 35.288267
165 -10.5923 34.676
166 -14.111133 34.3575
167 -13.3213 34.785267
168 -12.558167 34.5822
169 -13.44725 32.917033
170 -12.469333 33.387367
171 -11.562 32.74
172 -12.50575 31.7842
173 -4.890767 53.764
174 -10.942667 56.410133
175 -9.83352 51.06368
176 -4.19715 49.5369
177 -9.4877 49.0092
178 -9.75385 47.07215
179 -10.9539 47.89705
180 -12.08535 47.577025
181 -13.1004 46.8788
182 -15.1754 47.15485
183 -13.057 48.4043
184 -18.973367 48.4016
185 -18.41815 47.00655
186 -21.55185 51.78005
187 -20.1755 53.1422
188 -18.85205 50.853275
189 -12.434075 51.044625
190 -18.051825 54.740925
191 -24.874 54.0199
192 -30.752925 53.943975
193 -22.71075 48.81035
194 -27.9237 50.92294
195 -28.128367 49.183167
196 -24.89145 46.47705
197 -29.806267 46.681267
198 -38.078767 38.624733
199 -26.754867 40.2172
200 -25.8872 37.0289
201 -24.2132 36.3581
202 -23.675 38.1446
203 -21.4511 37.997533
204 -20.237925 37.1669
205 -20.627067 38.8786
206 -21.121 43.88798
207 -18.1948 39.40115
208 -18.46315 38.800817
209 -18.94016 37.2468
210 -17.47318 37.27294
211 -17.892 44.5405
212 -19.4598 46.367367
213 -15.544267 44.9998
214 -16.6789 43.8189
215 -15.544733 42.823233
216 -13.25895 45.16175
217 -11.9593 44.16304
218 -12.618025 43.820625
219 -13.802433 42.5584
220 -11.20098 41.73694
221 -6.84144 39.95496
222 -8.64404 41.99718
223 -5.824567 41.655533
224 -6.32488 37.7685
225 -7.8523 35.6008
226 -4.732175 35.06415
227 -7.6249 31.6071
228 -1.2134 35.81025
229 -1.368825 35.772925
230 1.0349 32.84775
231 1.028125 32.99375
232 3.69185 37.48555
233 -1.3678 41.0012
234 -2.432025 39.997375
235 -1.6975 45.1394
236 0.683325 24.737475
237 -7.766733 24.0121
238 -14.3277 26.2498
239 -20.449767 26.645767
240 -10.325133 29.876233
241 -12.44375 30.194175
242 -15.661333 32.75375
243 -19.0032 35.4138
244 -28.669633 29.2586
245 -28.688 30.8523
246 -35.9833 26.8659
247 -34.553625 26.4185
248 -24.8977 14.5598
249 -19.6096 16.6373
250 -10.9205 9.998667
251 0.17525 13.3065
252 -14.56482 -48.84536
253 -29.0034 -52.8704
254 -15.79832 -68.10574
255 -14.281767 -72.351667
256 -22.73812 -67.37102
257 -29.47014 -69.68356
258 -43.338989 -69.835578
259 -30.7491 -13.4647
260 -44.1464 -15.210933
261 -40.4603 -22.9356
262 -43.466 -20.2073
263 -51.91158 -24.8659
264 -43.550433 -28.727967
265 -40.5639 -27.5724
266 -38.6182 -26.7649
267 -39.2838 -29.119
268 -41.395275 -29.39505
269 -41.5097 -30.60095
270 -42.0799 -31.16895
271 -42.878267 -30.248333
272 -47.4932 -30.8206
273 -40.4999 -32.8826
274 -36.439 -33.8772
275 -37.0955 -29.8758
276 -34.0779 -27.819
277 -28.7896 -23.10394
278 -34.6464 -39.3548
279 -51.1416 -42.1
280 -41.9604 -24.8196
281 -42.6751 -27.3127
